numHaps 5
theta 0.008
popSizes 100.0,0.1,1.0
epochTimes 0.5,0.58
rhos 1.0
%
rho 1.0
config 0.0 0.12499999999999989 0.2499999999999999 0.3749999999999999 0.4999999999999999 0.5199999999999999 0.5399999999999999 0.5599999999999999 0.58
0 0 0 10 : 0.23554193549700506 0.23554193549700506 0.23862939251464207 0.24178287977086263 0.2450043137258512 0.2450043137258512 0.24378753950568413 0.24206067564613318 0.23902134128507233
0 0 1 9 : 0.0005227231283517739 0.0005227231283517739 0.00037647032062754687 0.00022399333633623544 6.502629315324405e-05 6.502629315324405e-05 8.045258960208213e-05 0.0001100748239718653 0.00021182981640797702
0 0 2 8 : 1.407521678575178e-05 1.407521678575178e-05 1.3040700180751087e-05 1.242143387501037e-05 1.2253164276520143e-05 1.2253164276520143e-05 1.533828388883631e-05 2.0066514733784015e-05 2.664347146351897e-05
0 0 3 7 : 4.261732630679808e-06 4.261732630679808e-06 4.278717825954396e-06 4.302119805545292e-06 4.329139269248958e-06 4.329139269248958e-06 5.392937194329649e-06 6.705584801352585e-06 7.630441023309855e-06
0 0 4 6 : 2.3639090025135e-06 2.3639090025135e-06 2.3790898834946952e-06 2.3945809064362854e-06 2.4103308978415177e-06 2.4103308978415177e-06 2.986273800239386e-06 3.5870117105716774e-06 3.8192545862630285e-06
0 0 5 5 : 1.954720336338052e-06 1.954720336338052e-06 1.967434496834073e-06 1.980340254058798e-06 1.9934397865706096e-06 1.9934397865706096e-06 2.464525987497285e-06 2.9248347608875684e-06 3.056352264699511e-06
0 0 6 4 : 2.3639090025134957e-06 2.3639090025134957e-06 2.379089883494691e-06 2.394580906436281e-06 2.4103308978415135e-06 2.4103308978415135e-06 2.986273800239386e-06 3.5870117105716774e-06 3.8192545862630285e-06
0 0 7 3 : 4.261732630679808e-06 4.261732630679808e-06 4.278717825954396e-06 4.302119805545292e-06 4.329139269248958e-06 4.329139269248958e-06 5.392937194329649e-06 6.705584801352585e-06 7.630441023309855e-06
0 0 8 2 : 1.4075216785751805e-05 1.4075216785751805e-05 1.304070018075111e-05 1.2421433875010393e-05 1.2253164276520165e-05 1.2253164276520165e-05 1.5338283888836336e-05 2.006651473378405e-05 2.6643471463519018e-05
0 0 9 1 : 0.0005227231283517739 0.0005227231283517739 0.00037647032062754687 0.00022399333633623544 6.502629315324405e-05 6.502629315324405e-05 8.045258960208213e-05 0.0001100748239718653 0.00021182981640797702
0 0 10 0 : 0.23554193549700506 0.23554193549700506 0.23862939251464207 0.24178287977086263 0.2450043137258512 0.2450043137258512 0.24378753950568413 0.24206067564613318 0.23902134128507233
0 1 0 9 : 0.0005227231283517739 0.0005227231283517739 0.00037647032062754687 0.00022399333633623544 6.502629315324405e-05 6.502629315324405e-05 8.045258960208213e-05 0.0001100748239718653 0.00021182981640797702
0 1 1 8 : 1.1665526373506712e-06 1.1665526373506712e-06 5.960552441412599e-07 2.0532536305845074e-07 1.0448746583117067e-08 1.0448746583117067e-08 1.6973108714249737e-08 3.720579596460048e-08 1.7520380520105753e-07
0 1 2 7 : 3.011730570972769e-08 3.011730570972769e-08 1.9353292824223847e-08 1.0202827056112657e-08 1.884943283856472e-09 1.884943283856472e-09 3.2262830256192463e-09 7.007416686009048e-09 2.2055907270387597e-08
0 1 3 6 : 9.028372604759488e-09 9.028372604759488e-09 6.310732644369397e-09 3.5349190058849964e-09 6.853486756772624e-10 6.853486756772624e-10 1.185533441184446e-09 2.4449781589065128e-09 6.338068148234491e-09
0 1 4 5 : 5.025598128270581e-09 5.025598128270581e-09 3.5291647202906148e-09 1.9900800428502286e-09 4.0666098977537216e-10 4.0666098977537216e-10 7.015889527788701e-10 1.368231355080691e-09 3.19067147145643e-09
0 1 5 4 : 4.182600353378214e-09 4.182600353378214e-09 2.9466896646561654e-09 1.6759971107236535e-09 3.693972240513239e-10 3.693972240513239e-10 6.323745797331059e-10 1.1734107451210472e-09 2.576818953534751e-09
0 1 6 3 : 5.109544750311288e-09 5.109544750311288e-09 3.616785007572293e-09 2.0836804569211138e-09 5.089660368284186e-10 5.089660368284186e-10 8.625819970582368e-10 1.538355002443398e-09 3.268527981978998e-09
0 1 7 2 : 9.363700777040025e-09 9.363700777040025e-09 6.6678667644601886e-09 3.91619820689166e-09 1.100891208013796e-09 1.100891208013796e-09 1.8436100158900711e-09 3.1958568031893565e-09 6.703704758721427e-09
0 1 8 1 : 3.125188210488582e-08 3.125188210488582e-08 2.14003832328224e-08 1.254425189071354e-08 4.140581743592459e-09 4.140581743592459e-09 6.8254457896141e-09 1.1613300229789587e-08 2.4667311509619654e-08
0 1 9 0 : 1.5609279559169384e-06 1.5609279559169384e-06 1.022950052409818e-06 6.751583632947074e-07 5.32151935379311e-07 5.32151935379311e-07 6.221589491253883e-07 7.152936511119448e-07 8.906102422947078e-07
0 2 0 8 : 1.407521678575178e-05 1.407521678575178e-05 1.3040700180751087e-05 1.242143387501037e-05 1.2253164276520143e-05 1.2253164276520143e-05 1.533828388883631e-05 2.0066514733784015e-05 2.664347146351897e-05
0 2 1 7 : 3.011730570972769e-08 3.011730570972769e-08 1.9353292824223847e-08 1.0202827056112657e-08 1.884943283856472e-09 1.884943283856472e-09 3.2262830256192463e-09 7.007416686009048e-09 2.2055907270387597e-08
0 2 2 6 : 7.493295383689426e-10 7.493295383689426e-10 5.490008136742339e-10 4.281366446673803e-10 3.933795956939238e-10 3.933795956939238e-10 7.103818137726362e-10 1.5175885138508466e-09 3.1790314603275534e-09
0 2 3 5 : 1.992079596482333e-10 1.992079596482333e-10 1.7666425200722404e-10 1.6638140911326634e-10 1.6904677865390498e-10 1.6904677865390498e-10 3.074751320625758e-10 6.197739985539776e-10 1.0637245201186605e-09
0 2 4 4 : 1.3016834023949368e-10 1.3016834023949368e-10 1.2024357514288254e-10 1.1733405801289135e-10 1.2233571270808369e-10 1.2233571270808369e-10 2.2054888984224962e-10 4.1785974150199236e-10 6.42642956711829e-10
0 2 5 3 : 1.3736744778890388e-10 1.3736744778890388e-10 1.3149139526455093e-10 1.3262643589035788e-10 1.4180909383267835e-10 1.4180909383267835e-10 2.5150240042225394e-10 4.507371645590605e-10 6.52661538599287e-10
0 2 6 2 : 2.374133223285771e-10 2.374133223285771e-10 2.3518452762907467e-10 2.446295297163891e-10 2.6784494383123265e-10 2.6784494383123265e-10 4.649244129670251e-10 7.959938772660521e-10 1.1249591602315361e-09
0 2 7 1 : 9.410837536372269e-10 9.410837536372269e-10 9.079186501641308e-10 8.951159385365038e-10 9.057142844353308e-10 9.057142844353308e-10 1.528888123935852e-09 2.5250681446585706e-09 3.635290129180826e-09
0 2 8 0 : 7.30263762214948e-08 7.30263762214948e-08 8.387041563414808e-08 9.765968206389548e-08 1.145935648328022e-07 1.145935648328022e-07 1.3191828901286383e-07 1.4292223781890867e-07 1.381106445659162e-07
0 3 0 7 : 4.261732630679808e-06 4.261732630679808e-06 4.278717825954396e-06 4.302119805545292e-06 4.329139269248958e-06 4.329139269248958e-06 5.392937194329649e-06 6.705584801352585e-06 7.630441023309855e-06
0 3 1 6 : 9.028372604759488e-09 9.028372604759488e-09 6.310732644369397e-09 3.5349190058849964e-09 6.853486756772624e-10 6.853486756772624e-10 1.185533441184446e-09 2.4449781589065128e-09 6.338068148234491e-09
0 3 2 5 : 1.992079596482333e-10 1.992079596482333e-10 1.7666425200722404e-10 1.6638140911326634e-10 1.6904677865390498e-10 1.6904677865390498e-10 3.074751320625758e-10 6.197739985539776e-10 1.0637245201186605e-09
0 3 3 4 : 7.430090232310118e-11 7.430090232310118e-11 7.658639668530212e-11 8.133613255514754e-11 8.813425053842665e-11 8.813425053842665e-11 1.6071106638704506e-10 3.0461602734120016e-10 4.277126995348741e-10
0 3 4 3 : 5.937832846040931e-11 5.937832846040931e-11 6.510475040381301e-11 7.218621289851103e-11 8.070526288779641e-11 8.070526288779641e-11 1.4504694689665865e-10 2.579596242853998e-10 3.2551268809001224e-10
0 3 5 2 : 8.687412249533536e-11 8.687412249533536e-11 9.734455343576456e-11 1.1048706201175943e-10 1.2685447806414625e-10 1.2685447806414625e-10 2.2262950911194019e-10 3.741945892929075e-10 4.5070286484771413e-10
0 3 6 1 : 3.1657415756489737e-10 3.1657415756489737e-10 3.320607216628861e-10 3.494707723664147e-10 3.6971209706614966e-10 3.6971209706614966e-10 6.279951552307618e-10 1.0068601175307454e-09 1.2321197141923077e-09
0 3 7 0 : 2.2839812094933515e-08 2.2839812094933515e-08 2.7962273769986344e-08 3.4323313466500735e-08 4.222787792852913e-08 4.222787792852913e-08 4.80764870036796e-08 4.9873516332291004e-08 4.281277509524301e-08
0 4 0 6 : 2.3639090025135e-06 2.3639090025135e-06 2.3790898834946952e-06 2.3945809064362854e-06 2.4103308978415177e-06 2.4103308978415177e-06 2.986273800239386e-06 3.5870117105716774e-06 3.8192545862630285e-06
0 4 1 5 : 5.025598128270581e-09 5.025598128270581e-09 3.5291647202906148e-09 1.9900800428502286e-09 4.0666098977537216e-10 4.0666098977537216e-10 7.015889527788701e-10 1.368231355080691e-09 3.19067147145643e-09
0 4 2 4 : 1.3016834023949368e-10 1.3016834023949368e-10 1.2024357514288254e-10 1.1733405801289135e-10 1.2233571270808369e-10 1.2233571270808369e-10 2.2054888984224962e-10 4.1785974150199236e-10 6.42642956711829e-10
0 4 3 3 : 5.937832846040931e-11 5.937832846040931e-11 6.510475040381301e-11 7.218621289851103e-11 8.070526288779641e-11 8.070526288779641e-11 1.4504694689665865e-10 2.579596242853998e-10 3.2551268809001224e-10
0 4 4 2 : 6.661219608832666e-11 6.661219608832666e-11 7.534929046880988e-11 8.631963232822425e-11 1.0002015260383662e-10 1.0002015260383662e-10 1.7601088308336806e-10 2.937179813470066e-10 3.3811940901969453e-10
0 4 5 1 : 1.9748853671146346e-10 1.9748853671146346e-10 2.1041540499843915e-10 2.2494314888048636e-10 2.41922304019415e-10 2.41922304019415e-10 4.116112940552797e-10 6.49126561233277e-10 7.448531041999949e-10
0 4 6 0 : 1.1915664758266112e-08 1.1915664758266112e-08 1.4985666013003582e-08 1.89001609920164e-08 2.3901096127025833e-08 2.3901096127025833e-08 2.702959884679149e-08 2.7303676744817776e-08 2.210287308530289e-08
0 5 0 5 : 1.954720336338052e-06 1.954720336338052e-06 1.967434496834073e-06 1.980340254058798e-06 1.9934397865706096e-06 1.9934397865706096e-06 2.464525987497285e-06 2.9248347608875684e-06 3.056352264699511e-06
0 5 1 4 : 4.182600353378214e-09 4.182600353378214e-09 2.9466896646561654e-09 1.6759971107236535e-09 3.693972240513239e-10 3.693972240513239e-10 6.323745797331059e-10 1.1734107451210472e-09 2.576818953534751e-09
0 5 2 3 : 1.3736744778890388e-10 1.3736744778890388e-10 1.3149139526455093e-10 1.3262643589035788e-10 1.4180909383267835e-10 1.4180909383267835e-10 2.5150240042225394e-10 4.507371645590605e-10 6.52661538599287e-10
0 5 3 2 : 8.687412249533536e-11 8.687412249533536e-11 9.734455343576456e-11 1.1048706201175943e-10 1.2685447806414625e-10 1.2685447806414625e-10 2.2262950911194019e-10 3.741945892929075e-10 4.5070286484771413e-10
0 5 4 1 : 1.9748853671146346e-10 1.9748853671146346e-10 2.1041540499843915e-10 2.2494314888048636e-10 2.41922304019415e-10 2.41922304019415e-10 4.116112940552797e-10 6.49126561233277e-10 7.448531041999949e-10
0 5 5 0 : 9.63518370856717e-09 9.63518370856717e-09 1.2225585638150862e-08 1.5558688205567134e-08 1.9856603244079022e-08 1.9856603244079022e-08 2.2405314312367446e-08 2.2430389005601304e-08 1.78329791090559e-08
0 6 0 4 : 2.3639090025134957e-06 2.3639090025134957e-06 2.379089883494691e-06 2.394580906436281e-06 2.4103308978415135e-06 2.4103308978415135e-06 2.986273800239386e-06 3.5870117105716774e-06 3.8192545862630285e-06
0 6 1 3 : 5.109544750311288e-09 5.109544750311288e-09 3.616785007572293e-09 2.0836804569211138e-09 5.089660368284186e-10 5.089660368284186e-10 8.625819970582368e-10 1.538355002443398e-09 3.268527981978998e-09
0 6 2 2 : 2.374133223285762e-10 2.374133223285762e-10 2.3518452762907385e-10 2.4462952971638824e-10 2.678449438312317e-10 2.678449438312317e-10 4.6492441296702343e-10 7.959938772660493e-10 1.124959160231532e-09
0 6 3 1 : 3.1657415756489737e-10 3.1657415756489737e-10 3.320607216628861e-10 3.494707723664147e-10 3.6971209706614966e-10 3.6971209706614966e-10 6.279951552307618e-10 1.0068601175307454e-09 1.2321197141923077e-09
0 6 4 0 : 1.1915664758266155e-08 1.1915664758266155e-08 1.4985666013003526e-08 1.8900160992016333e-08 2.3901096127025747e-08 2.3901096127025747e-08 2.7029598846791393e-08 2.730367674481768e-08 2.2102873085302814e-08
0 7 0 3 : 4.261732630679808e-06 4.261732630679808e-06 4.278717825954396e-06 4.302119805545292e-06 4.329139269248958e-06 4.329139269248958e-06 5.392937194329649e-06 6.705584801352585e-06 7.630441023309855e-06
0 7 1 2 : 9.363700777040025e-09 9.363700777040025e-09 6.6678667644601886e-09 3.91619820689166e-09 1.100891208013796e-09 1.100891208013796e-09 1.8436100158900711e-09 3.1958568031893565e-09 6.703704758721427e-09
0 7 2 1 : 9.410837536372269e-10 9.410837536372269e-10 9.079186501641308e-10 8.951159385365038e-10 9.057142844353308e-10 9.057142844353308e-10 1.528888123935852e-09 2.5250681446585706e-09 3.635290129180826e-09
0 7 3 0 : 2.2839812094933515e-08 2.2839812094933515e-08 2.7962273769986344e-08 3.4323313466500735e-08 4.222787792852913e-08 4.222787792852913e-08 4.80764870036796e-08 4.9873516332291004e-08 4.281277509524301e-08
0 8 0 2 : 1.4075216785751805e-05 1.4075216785751805e-05 1.304070018075111e-05 1.2421433875010393e-05 1.2253164276520165e-05 1.2253164276520165e-05 1.5338283888836336e-05 2.006651473378405e-05 2.6643471463519018e-05
0 8 1 1 : 3.125188210488582e-08 3.125188210488582e-08 2.14003832328224e-08 1.254425189071354e-08 4.140581743592459e-09 4.140581743592459e-09 6.8254457896141e-09 1.1613300229789587e-08 2.4667311509619654e-08
0 8 2 0 : 7.302637622149506e-08 7.302637622149506e-08 8.387041563414839e-08 9.765968206389514e-08 1.145935648328022e-07 1.145935648328022e-07 1.3191828901286383e-07 1.4292223781890867e-07 1.381106445659162e-07
0 9 0 1 : 0.0005227231283517739 0.0005227231283517739 0.00037647032062754687 0.00022399333633623544 6.502629315324405e-05 6.502629315324405e-05 8.045258960208213e-05 0.0001100748239718653 0.00021182981640797702
0 9 1 0 : 1.5609279559169384e-06 1.5609279559169384e-06 1.022950052409818e-06 6.751583632947074e-07 5.32151935379311e-07 5.32151935379311e-07 6.221589491253883e-07 7.152936511119448e-07 8.906102422947078e-07
0 10 0 0 : 0.23554193549700506 0.23554193549700506 0.23862939251464207 0.24178287977086263 0.2450043137258512 0.2450043137258512 0.24378753950568413 0.24206067564613318 0.23902134128507233
1 0 0 9 : 1.5609279559169384e-06 1.5609279559169384e-06 1.022950052409818e-06 6.751583632947074e-07 5.32151935379311e-07 5.32151935379311e-07 6.221589491253883e-07 7.152936511119448e-07 8.906102422947078e-07
1 0 1 8 : 3.125188210488582e-08 3.125188210488582e-08 2.14003832328224e-08 1.254425189071354e-08 4.140581743592459e-09 4.140581743592459e-09 6.8254457896141e-09 1.1613300229789587e-08 2.4667311509619654e-08
1 0 2 7 : 9.363700777040025e-09 9.363700777040025e-09 6.6678667644601886e-09 3.91619820689166e-09 1.100891208013796e-09 1.100891208013796e-09 1.8436100158900711e-09 3.1958568031893565e-09 6.703704758721427e-09
1 0 3 6 : 5.109544750311288e-09 5.109544750311288e-09 3.616785007572293e-09 2.0836804569211138e-09 5.089660368284186e-10 5.089660368284186e-10 8.625819970582368e-10 1.538355002443398e-09 3.268527981978998e-09
1 0 4 5 : 4.182600353378214e-09 4.182600353378214e-09 2.9466896646561654e-09 1.6759971107236535e-09 3.693972240513239e-10 3.693972240513239e-10 6.323745797331059e-10 1.1734107451210472e-09 2.576818953534751e-09
1 0 5 4 : 5.025598128270581e-09 5.025598128270581e-09 3.5291647202906148e-09 1.9900800428502286e-09 4.0666098977537216e-10 4.0666098977537216e-10 7.015889527788701e-10 1.368231355080691e-09 3.19067147145643e-09
1 0 6 3 : 9.028372604759488e-09 9.028372604759488e-09 6.310732644369397e-09 3.5349190058849964e-09 6.853486756772624e-10 6.853486756772624e-10 1.185533441184446e-09 2.4449781589065128e-09 6.338068148234491e-09
1 0 7 2 : 3.011730570972769e-08 3.011730570972769e-08 1.9353292824223847e-08 1.0202827056112657e-08 1.884943283856472e-09 1.884943283856472e-09 3.2262830256192463e-09 7.007416686009048e-09 2.2055907270387597e-08
1 0 8 1 : 1.1665526373506712e-06 1.1665526373506712e-06 5.960552441412599e-07 2.0532536305845074e-07 1.0448746583117067e-08 1.0448746583117067e-08 1.6973108714249737e-08 3.720579596460048e-08 1.7520380520105753e-07
1 0 9 0 : 0.0005227231283517739 0.0005227231283517739 0.00037647032062754687 0.00022399333633623544 6.502629315324405e-05 6.502629315324405e-05 8.045258960208213e-05 0.0001100748239718653 0.00021182981640797702
1 1 0 8 : 3.125188210488582e-08 3.125188210488582e-08 2.14003832328224e-08 1.254425189071354e-08 4.140581743592459e-09 4.140581743592459e-09 6.8254457896141e-09 1.1613300229789587e-08 2.4667311509619654e-08
1 1 1 7 : 2.374421761899712e-09 2.374421761899712e-09 1.7760861341965453e-09 1.0233963081543252e-09 5.991456745107536e-11 5.991456745107536e-11 8.079186256127551e-11 1.452908257070248e-10 7.627834090812991e-10
1 1 2 6 : 1.0813183348538087e-10 1.0813183348538087e-10 7.054387381523985e-11 3.702511951057547e-11 7.683535921289742e-12 7.683535921289742e-12 1.2675875976141734e-11 2.9899631854940376e-11 1.2398494673476098e-10
1 1 3 5 : 4.523831436667516e-11 4.523831436667516e-11 3.0359885566623363e-11 1.6438214409545358e-11 2.850863128642409e-12 2.850863128642409e-12 5.260801822180269e-12 1.3554077709926674e-11 5.187551173176085e-11
1 1 4 4 : 3.6116613131609486e-11 3.6116613131609486e-11 2.4217681662418035e-11 1.3033400555288918e-11 2.1083076991424167e-12 2.1083076991424167e-12 4.023109521600554e-12 1.0573939210294437e-11 3.968427900402129e-11
1 1 5 3 : 4.523831436667516e-11 4.523831436667516e-11 3.0359885566623363e-11 1.6438214409545358e-11 2.850863128642409e-12 2.850863128642409e-12 5.260801822180269e-12 1.3554077709926674e-11 5.187551173176085e-11
1 1 6 2 : 1.0813183348538048e-10 1.0813183348538048e-10 7.05438738152396e-11 3.7025119510575333e-11 7.683535921289715e-12 7.683535921289715e-12 1.2675875976141689e-11 2.989963185494027e-11 1.2398494673476054e-10
1 1 7 1 : 2.374421761899712e-09 2.374421761899712e-09 1.7760861341965453e-09 1.0233963081543252e-09 5.991456745107536e-11 5.991456745107536e-11 8.079186256127551e-11 1.452908257070248e-10 7.627834090812991e-10
1 1 8 0 : 3.125188210488582e-08 3.125188210488582e-08 2.14003832328224e-08 1.254425189071354e-08 4.140581743592459e-09 4.140581743592459e-09 6.8254457896141e-09 1.1613300229789587e-08 2.4667311509619654e-08
1 2 0 7 : 9.363700777040025e-09 9.363700777040025e-09 6.6678667644601886e-09 3.91619820689166e-09 1.100891208013796e-09 1.100891208013796e-09 1.8436100158900711e-09 3.1958568031893565e-09 6.703704758721427e-09
1 2 1 6 : 1.0813183348538087e-10 1.0813183348538087e-10 7.054387381523985e-11 3.702511951057547e-11 7.683535921289742e-12 7.683535921289742e-12 1.2675875976141734e-11 2.9899631854940376e-11 1.2398494673476098e-10
1 2 2 5 : 5.329767640957428e-11 5.329767640957428e-11 3.094892195531641e-11 1.2410862376362297e-11 1.77076778797195e-12 1.77076778797195e-12 3.271312564196129e-12 8.598079121286539e-12 3.0036934606602577e-11
1 2 3 4 : 1.0117705484864614e-11 1.0117705484864614e-11 7.056154679916025e-12 4.049701880040959e-12 9.713474311560407e-13 9.713474311560407e-13 1.8561776888146244e-12 4.962713296562607e-12 1.602186828800233e-11
1 2 4 3 : 9.833256872182786e-12 9.833256872182786e-12 7.287593918299656e-12 4.421101279158616e-12 1.0819109731901033e-12 1.0819109731901033e-12 1.9760964450827812e-12 5.087883174626571e-12 1.646753154983345e-11
1 2 5 2 : 2.45393538199639e-11 2.45393538199639e-11 1.7200388021045407e-11 9.775233793674337e-12 2.592350001964566e-12 2.592350001964566e-12 4.154229272490415e-12 9.483627514997752e-12 3.390118070582612e-11
1 2 6 1 : 6.995672186634467e-10 6.995672186634467e-10 5.610752014104239e-10 3.4384714227733466e-10 1.9262526936671503e-11 1.9262526936671503e-11 2.5045668225403457e-11 4.16919823134316e-11 1.99074130492191e-10
1 2 7 0 : 9.410837536372269e-10 9.410837536372269e-10 9.079186501641308e-10 8.951159385365038e-10 9.057142844353308e-10 9.057142844353308e-10 1.528888123935852e-09 2.5250681446585706e-09 3.635290129180826e-09
1 3 0 6 : 5.109544750311288e-09 5.109544750311288e-09 3.616785007572293e-09 2.0836804569211138e-09 5.089660368284186e-10 5.089660368284186e-10 8.625819970582368e-10 1.538355002443398e-09 3.268527981978998e-09
1 3 1 5 : 4.523831436667516e-11 4.523831436667516e-11 3.0359885566623363e-11 1.6438214409545358e-11 2.850863128642409e-12 2.850863128642409e-12 5.260801822180269e-12 1.3554077709926674e-11 5.187551173176085e-11
1 3 2 4 : 1.0117705484864614e-11 1.0117705484864614e-11 7.056154679916025e-12 4.049701880040959e-12 9.713474311560373e-13 9.713474311560373e-13 1.8561776888146244e-12 4.962713296562607e-12 1.602186828800233e-11
1 3 3 3 : 8.582914288005797e-12 8.582914288005797e-12 5.883842939815379e-12 3.401537890521827e-12 8.077245969873787e-13 8.077245969873787e-13 1.4697689309823018e-12 3.769457950165828e-12 1.1792555611129037e-11
1 3 4 2 : 1.4641098320339807e-11 1.4641098320339807e-11 1.0470486120205436e-11 6.077524272536035e-12 1.5863484440169767e-12 1.5863484440169767e-12 2.510545718631003e-12 5.622888736314102e-12 1.9329698117186115e-11
1 3 5 1 : 3.6314817466048327e-10 3.6314817466048327e-10 2.9935007204432106e-10 1.884828436210334e-10 1.0322637786587752e-11 1.0322637786587752e-11 1.3196071572814702e-11 2.1068980929239734e-11 9.760002176329757e-11
1 3 6 0 : 3.1657415756489737e-10 3.1657415756489737e-10 3.320607216628861e-10 3.494707723664147e-10 3.6971209706614966e-10 3.6971209706614966e-10 6.279951552307618e-10 1.0068601175307454e-09 1.2321197141923077e-09
1 4 0 5 : 4.182600353378214e-09 4.182600353378214e-09 2.9466896646561654e-09 1.6759971107236535e-09 3.693972240513239e-10 3.693972240513239e-10 6.323745797331059e-10 1.1734107451210472e-09 2.576818953534751e-09
1 4 1 4 : 3.6116613131609486e-11 3.6116613131609486e-11 2.4217681662418035e-11 1.3033400555288918e-11 2.1083076991424167e-12 2.1083076991424167e-12 4.023109521600554e-12 1.0573939210294437e-11 3.968427900402129e-11
1 4 2 3 : 9.833256872182786e-12 9.833256872182786e-12 7.287593918299656e-12 4.421101279158616e-12 1.0819109731900995e-12 1.0819109731900995e-12 1.9760964450827812e-12 5.087883174626571e-12 1.646753154983345e-11
1 4 3 2 : 1.4641098320339807e-11 1.4641098320339807e-11 1.0470486120205436e-11 6.077524272536035e-12 1.5863484440169767e-12 1.5863484440169767e-12 2.510545718631003e-12 5.622888736314102e-12 1.9329698117186115e-11
1 4 4 1 : 2.9354919686800897e-10 2.9354919686800897e-10 2.4404415010371407e-10 1.5500024336586666e-10 8.444597706112944e-12 8.444597706112944e-12 1.0739847456472225e-11 1.6920523362176827e-11 7.773712586101245e-11
1 4 5 0 : 1.9748853671146346e-10 1.9748853671146346e-10 2.1041540499843915e-10 2.2494314888048636e-10 2.41922304019415e-10 2.41922304019415e-10 4.116112940552797e-10 6.49126561233277e-10 7.448531041999949e-10
1 5 0 4 : 5.025598128270581e-09 5.025598128270581e-09 3.5291647202906148e-09 1.9900800428502286e-09 4.0666098977537216e-10 4.0666098977537216e-10 7.015889527788701e-10 1.368231355080691e-09 3.19067147145643e-09
1 5 1 3 : 4.523831436667516e-11 4.523831436667516e-11 3.0359885566623363e-11 1.6438214409545358e-11 2.850863128642409e-12 2.850863128642409e-12 5.260801822180269e-12 1.3554077709926674e-11 5.187551173176085e-11
1 5 2 2 : 2.45393538199639e-11 2.45393538199639e-11 1.7200388021045407e-11 9.775233793674337e-12 2.5923500019645567e-12 2.5923500019645567e-12 4.154229272490415e-12 9.483627514997752e-12 3.390118070582612e-11
1 5 3 1 : 3.6314817466048327e-10 3.6314817466048327e-10 2.9935007204432106e-10 1.884828436210334e-10 1.0322637786587752e-11 1.0322637786587752e-11 1.3196071572814702e-11 2.1068980929239734e-11 9.760002176329757e-11
1 5 4 0 : 1.9748853671146346e-10 1.9748853671146346e-10 2.1041540499843915e-10 2.2494314888048636e-10 2.41922304019415e-10 2.41922304019415e-10 4.116112940552797e-10 6.49126561233277e-10 7.448531041999949e-10
1 6 0 3 : 9.028372604759488e-09 9.028372604759488e-09 6.310732644369397e-09 3.5349190058849964e-09 6.853486756772624e-10 6.853486756772624e-10 1.185533441184446e-09 2.4449781589065128e-09 6.338068148234491e-09
1 6 1 2 : 1.0813183348538048e-10 1.0813183348538048e-10 7.05438738152396e-11 3.7025119510575333e-11 7.683535921289715e-12 7.683535921289715e-12 1.2675875976141689e-11 2.989963185494027e-11 1.2398494673476054e-10
1 6 2 1 : 6.995672186634491e-10 6.995672186634491e-10 5.61075201410422e-10 3.438471422773334e-10 1.9262526936671432e-11 1.9262526936671432e-11 2.5045668225403367e-11 4.169198231343145e-11 1.990741304921903e-10
1 6 3 0 : 3.1657415756489737e-10 3.1657415756489737e-10 3.320607216628861e-10 3.494707723664147e-10 3.6971209706614966e-10 3.6971209706614966e-10 6.279951552307618e-10 1.0068601175307454e-09 1.2321197141923077e-09
1 7 0 2 : 3.011730570972769e-08 3.011730570972769e-08 1.9353292824223847e-08 1.0202827056112657e-08 1.884943283856472e-09 1.884943283856472e-09 3.2262830256192463e-09 7.007416686009048e-09 2.2055907270387597e-08
1 7 1 1 : 2.374421761899712e-09 2.374421761899712e-09 1.7760861341965453e-09 1.0233963081543252e-09 5.991456745107536e-11 5.991456745107536e-11 8.079186256127551e-11 1.452908257070248e-10 7.627834090812991e-10
1 7 2 0 : 9.410837536372269e-10 9.410837536372269e-10 9.079186501641308e-10 8.951159385365038e-10 9.057142844353308e-10 9.057142844353308e-10 1.528888123935852e-09 2.5250681446585706e-09 3.635290129180826e-09
1 8 0 1 : 1.1665526373506712e-06 1.1665526373506712e-06 5.960552441412599e-07 2.0532536305845074e-07 1.0448746583117067e-08 1.0448746583117067e-08 1.6973108714249737e-08 3.720579596460048e-08 1.7520380520105753e-07
1 8 1 0 : 3.125188210488582e-08 3.125188210488582e-08 2.14003832328224e-08 1.254425189071354e-08 4.140581743592459e-09 4.140581743592459e-09 6.8254457896141e-09 1.1613300229789587e-08 2.4667311509619654e-08
1 9 0 0 : 0.0005227231283517739 0.0005227231283517739 0.00037647032062754687 0.00022399333633623544 6.502629315324405e-05 6.502629315324405e-05 8.045258960208213e-05 0.0001100748239718653 0.00021182981640797702
2 0 0 8 : 7.30263762214948e-08 7.30263762214948e-08 8.387041563414808e-08 9.765968206389548e-08 1.145935648328022e-07 1.145935648328022e-07 1.3191828901286383e-07 1.4292223781890867e-07 1.381106445659162e-07
2 0 1 7 : 9.410837536372269e-10 9.410837536372269e-10 9.079186501641308e-10 8.951159385365038e-10 9.057142844353308e-10 9.057142844353308e-10 1.528888123935852e-09 2.5250681446585706e-09 3.635290129180826e-09
2 0 2 6 : 2.374133223285762e-10 2.374133223285762e-10 2.3518452762907385e-10 2.4462952971638824e-10 2.678449438312317e-10 2.678449438312317e-10 4.6492441296702343e-10 7.959938772660493e-10 1.124959160231532e-09
2 0 3 5 : 1.3736744778890388e-10 1.3736744778890388e-10 1.3149139526455093e-10 1.3262643589035788e-10 1.4180909383267835e-10 1.4180909383267835e-10 2.5150240042225394e-10 4.507371645590605e-10 6.52661538599287e-10
2 0 4 4 : 1.3016834023949368e-10 1.3016834023949368e-10 1.2024357514288254e-10 1.1733405801289135e-10 1.2233571270808369e-10 1.2233571270808369e-10 2.2054888984224962e-10 4.1785974150199236e-10 6.42642956711829e-10
2 0 5 3 : 1.992079596482333e-10 1.992079596482333e-10 1.7666425200722404e-10 1.6638140911326634e-10 1.6904677865390498e-10 1.6904677865390498e-10 3.074751320625758e-10 6.197739985539776e-10 1.0637245201186605e-09
2 0 6 2 : 7.493295383689453e-10 7.493295383689453e-10 5.490008136742358e-10 4.281366446673818e-10 3.9337959569392517e-10 3.9337959569392517e-10 7.103818137726388e-10 1.5175885138508412e-09 3.1790314603275422e-09
2 0 7 1 : 3.011730570972769e-08 3.011730570972769e-08 1.9353292824223847e-08 1.0202827056112657e-08 1.884943283856472e-09 1.884943283856472e-09 3.2262830256192463e-09 7.007416686009048e-09 2.2055907270387597e-08
2 0 8 0 : 1.407521678575178e-05 1.407521678575178e-05 1.3040700180751087e-05 1.242143387501037e-05 1.2253164276520143e-05 1.2253164276520143e-05 1.533828388883631e-05 2.0066514733784015e-05 2.664347146351897e-05
2 1 0 7 : 9.410837536372269e-10 9.410837536372269e-10 9.079186501641308e-10 8.951159385365038e-10 9.057142844353308e-10 9.057142844353308e-10 1.528888123935852e-09 2.5250681446585706e-09 3.635290129180826e-09
2 1 1 6 : 6.995672186634467e-10 6.995672186634467e-10 5.610752014104239e-10 3.4384714227733466e-10 1.9262526936671503e-11 1.9262526936671503e-11 2.5045668225403457e-11 4.16919823134316e-11 1.99074130492191e-10
2 1 2 5 : 2.45393538199639e-11 2.45393538199639e-11 1.7200388021045407e-11 9.775233793674337e-12 2.592350001964566e-12 2.592350001964566e-12 4.154229272490415e-12 9.483627514997752e-12 3.390118070582612e-11
2 1 3 4 : 9.833256872182786e-12 9.833256872182786e-12 7.287593918299656e-12 4.421101279158616e-12 1.0819109731901033e-12 1.0819109731901033e-12 1.9760964450827812e-12 5.087883174626571e-12 1.646753154983345e-11
2 1 4 3 : 1.0117705484864614e-11 1.0117705484864614e-11 7.056154679916025e-12 4.049701880040959e-12 9.713474311560407e-13 9.713474311560407e-13 1.8561776888146244e-12 4.962713296562607e-12 1.602186828800233e-11
2 1 5 2 : 5.329767640957428e-11 5.329767640957428e-11 3.094892195531641e-11 1.2410862376362297e-11 1.77076778797195e-12 1.77076778797195e-12 3.271312564196129e-12 8.598079121286539e-12 3.0036934606602577e-11
2 1 6 1 : 1.0813183348538087e-10 1.0813183348538087e-10 7.054387381523985e-11 3.702511951057547e-11 7.683535921289742e-12 7.683535921289742e-12 1.2675875976141734e-11 2.9899631854940376e-11 1.2398494673476098e-10
2 1 7 0 : 9.363700777040025e-09 9.363700777040025e-09 6.6678667644601886e-09 3.91619820689166e-09 1.100891208013796e-09 1.100891208013796e-09 1.8436100158900711e-09 3.1958568031893565e-09 6.703704758721427e-09
2 2 0 6 : 2.374133223285762e-10 2.374133223285762e-10 2.3518452762907385e-10 2.4462952971638824e-10 2.678449438312317e-10 2.678449438312317e-10 4.6492441296702343e-10 7.959938772660493e-10 1.124959160231532e-09
2 2 1 5 : 2.45393538199639e-11 2.45393538199639e-11 1.7200388021045407e-11 9.775233793674337e-12 2.592350001964566e-12 2.592350001964566e-12 4.154229272490415e-12 9.483627514997752e-12 3.390118070582612e-11
2 2 2 4 : 2.3011353721137766e-11 2.3011353721137766e-11 1.281333519636274e-11 4.493020240088664e-12 6.612208753025714e-13 6.612208753025714e-13 1.205914127638105e-12 3.19188241873513e-12 9.395499188611501e-12
2 2 3 3 : 3.3658677553787742e-12 3.3658677553787742e-12 1.836769450418092e-12 8.477104872187294e-13 4.3683626711076653e-13 4.3683626711076653e-13 8.351015477771388e-13 2.296993987197728e-12 6.267893628312868e-12
2 2 4 2 : 2.3011353721137766e-11 2.3011353721137766e-11 1.281333519636274e-11 4.493020240088664e-12 6.612208753025714e-13 6.612208753025714e-13 1.205914127638105e-12 3.19188241873513e-12 9.395499188611501e-12
2 2 5 1 : 2.45393538199639e-11 2.45393538199639e-11 1.7200388021045407e-11 9.775233793674337e-12 2.592350001964566e-12 2.592350001964566e-12 4.154229272490415e-12 9.483627514997752e-12 3.390118070582612e-11
2 2 6 0 : 2.374133223285762e-10 2.374133223285762e-10 2.3518452762907385e-10 2.4462952971638824e-10 2.678449438312317e-10 2.678449438312317e-10 4.6492441296702343e-10 7.959938772660493e-10 1.124959160231532e-09
2 3 0 5 : 1.3736744778890388e-10 1.3736744778890388e-10 1.3149139526455093e-10 1.3262643589035788e-10 1.4180909383267835e-10 1.4180909383267835e-10 2.5150240042225394e-10 4.507371645590605e-10 6.52661538599287e-10
2 3 1 4 : 9.833256872182786e-12 9.833256872182786e-12 7.287593918299656e-12 4.421101279158616e-12 1.0819109731901033e-12 1.0819109731901033e-12 1.9760964450827812e-12 5.087883174626571e-12 1.646753154983345e-11
2 3 2 3 : 3.3658677553787742e-12 3.3658677553787742e-12 1.836769450418092e-12 8.477104872187294e-13 4.3683626711076496e-13 4.3683626711076496e-13 8.351015477771388e-13 2.296993987197728e-12 6.267893628312868e-12
2 3 3 2 : 1.9439377328053267e-11 1.9439377328053267e-11 1.0634137329492232e-11 3.6373518150913487e-12 4.91784434543961e-13 4.91784434543961e-13 8.927721402899571e-13 2.358403178888478e-12 6.7204025283776064e-12
2 3 4 1 : 1.4641098320339807e-11 1.4641098320339807e-11 1.0470486120205436e-11 6.077524272536035e-12 1.5863484440169823e-12 1.5863484440169823e-12 2.510545718631003e-12 5.622888736314102e-12 1.9329698117186115e-11
2 3 5 0 : 8.687412249533536e-11 8.687412249533536e-11 9.734455343576456e-11 1.1048706201175943e-10 1.2685447806414625e-10 1.2685447806414625e-10 2.2262950911194019e-10 3.741945892929075e-10 4.5070286484771413e-10
2 4 0 4 : 1.3016834023949368e-10 1.3016834023949368e-10 1.2024357514288254e-10 1.1733405801289135e-10 1.2233571270808369e-10 1.2233571270808369e-10 2.2054888984224962e-10 4.1785974150199236e-10 6.42642956711829e-10
2 4 1 3 : 1.0117705484864614e-11 1.0117705484864614e-11 7.056154679916025e-12 4.049701880040959e-12 9.713474311560407e-13 9.713474311560407e-13 1.8561776888146244e-12 4.962713296562607e-12 1.602186828800233e-11
2 4 2 2 : 2.3011353721137766e-11 2.3011353721137766e-11 1.281333519636274e-11 4.493020240088664e-12 6.612208753025714e-13 6.612208753025714e-13 1.205914127638105e-12 3.19188241873513e-12 9.395499188611501e-12
2 4 3 1 : 1.4641098320339807e-11 1.4641098320339807e-11 1.0470486120205436e-11 6.077524272536035e-12 1.5863484440169823e-12 1.5863484440169823e-12 2.510545718631003e-12 5.622888736314102e-12 1.9329698117186115e-11
2 4 4 0 : 6.661219608832666e-11 6.661219608832666e-11 7.534929046880988e-11 8.631963232822425e-11 1.0002015260383662e-10 1.0002015260383662e-10 1.7601088308336806e-10 2.937179813470066e-10 3.3811940901969453e-10
2 5 0 3 : 1.992079596482333e-10 1.992079596482333e-10 1.7666425200722404e-10 1.6638140911326634e-10 1.6904677865390498e-10 1.6904677865390498e-10 3.074751320625758e-10 6.197739985539776e-10 1.0637245201186605e-09
2 5 1 2 : 5.329767640957428e-11 5.329767640957428e-11 3.094892195531641e-11 1.2410862376362297e-11 1.77076778797195e-12 1.77076778797195e-12 3.271312564196129e-12 8.598079121286539e-12 3.0036934606602577e-11
2 5 2 1 : 2.45393538199639e-11 2.45393538199639e-11 1.7200388021045407e-11 9.775233793674337e-12 2.592350001964566e-12 2.592350001964566e-12 4.154229272490415e-12 9.483627514997752e-12 3.390118070582612e-11
2 5 3 0 : 8.687412249533536e-11 8.687412249533536e-11 9.734455343576456e-11 1.1048706201175943e-10 1.2685447806414625e-10 1.2685447806414625e-10 2.2262950911194019e-10 3.741945892929075e-10 4.5070286484771413e-10
2 6 0 2 : 7.493295383689453e-10 7.493295383689453e-10 5.490008136742358e-10 4.281366446673818e-10 3.9337959569392517e-10 3.9337959569392517e-10 7.103818137726388e-10 1.5175885138508412e-09 3.1790314603275422e-09
2 6 1 1 : 1.0813183348538087e-10 1.0813183348538087e-10 7.054387381523985e-11 3.702511951057547e-11 7.683535921289742e-12 7.683535921289742e-12 1.2675875976141734e-11 2.9899631854940376e-11 1.2398494673476098e-10
2 6 2 0 : 2.374133223285771e-10 2.374133223285771e-10 2.3518452762907467e-10 2.446295297163891e-10 2.6784494383123265e-10 2.6784494383123265e-10 4.649244129670251e-10 7.959938772660521e-10 1.1249591602315361e-09
2 7 0 1 : 3.011730570972769e-08 3.011730570972769e-08 1.9353292824223847e-08 1.0202827056112657e-08 1.884943283856472e-09 1.884943283856472e-09 3.2262830256192463e-09 7.007416686009048e-09 2.2055907270387597e-08
2 7 1 0 : 9.363700777040025e-09 9.363700777040025e-09 6.6678667644601886e-09 3.91619820689166e-09 1.100891208013796e-09 1.100891208013796e-09 1.8436100158900711e-09 3.1958568031893565e-09 6.703704758721427e-09
2 8 0 0 : 1.407521678575178e-05 1.407521678575178e-05 1.3040700180751087e-05 1.242143387501037e-05 1.2253164276520143e-05 1.2253164276520143e-05 1.533828388883631e-05 2.0066514733784015e-05 2.664347146351897e-05
3 0 0 7 : 2.2839812094933515e-08 2.2839812094933515e-08 2.7962273769986344e-08 3.4323313466500735e-08 4.222787792852913e-08 4.222787792852913e-08 4.80764870036796e-08 4.9873516332291004e-08 4.281277509524301e-08
3 0 1 6 : 3.1657415756489737e-10 3.1657415756489737e-10 3.320607216628861e-10 3.494707723664147e-10 3.6971209706614966e-10 3.6971209706614966e-10 6.279951552307618e-10 1.0068601175307454e-09 1.2321197141923077e-09
3 0 2 5 : 8.687412249533536e-11 8.687412249533536e-11 9.734455343576456e-11 1.1048706201175943e-10 1.2685447806414625e-10 1.2685447806414625e-10 2.2262950911194019e-10 3.741945892929075e-10 4.5070286484771413e-10
3 0 3 4 : 5.937832846040931e-11 5.937832846040931e-11 6.510475040381301e-11 7.218621289851103e-11 8.070526288779641e-11 8.070526288779641e-11 1.4504694689665865e-10 2.579596242853998e-10 3.2551268809001224e-10
3 0 4 3 : 7.430090232310118e-11 7.430090232310118e-11 7.658639668530212e-11 8.133613255514754e-11 8.813425053842665e-11 8.813425053842665e-11 1.6071106638704506e-10 3.0461602734120016e-10 4.277126995348741e-10
3 0 5 2 : 1.992079596482333e-10 1.992079596482333e-10 1.7666425200722404e-10 1.6638140911326634e-10 1.6904677865390498e-10 1.6904677865390498e-10 3.074751320625758e-10 6.197739985539776e-10 1.0637245201186605e-09
3 0 6 1 : 9.028372604759488e-09 9.028372604759488e-09 6.310732644369397e-09 3.5349190058849964e-09 6.853486756772624e-10 6.853486756772624e-10 1.185533441184446e-09 2.4449781589065128e-09 6.338068148234491e-09
3 0 7 0 : 4.261732630679808e-06 4.261732630679808e-06 4.278717825954396e-06 4.302119805545292e-06 4.329139269248958e-06 4.329139269248958e-06 5.392937194329649e-06 6.705584801352585e-06 7.630441023309855e-06
3 1 0 6 : 3.1657415756489737e-10 3.1657415756489737e-10 3.320607216628861e-10 3.494707723664147e-10 3.6971209706614966e-10 3.6971209706614966e-10 6.279951552307618e-10 1.0068601175307454e-09 1.2321197141923077e-09
3 1 1 5 : 3.6314817466048327e-10 3.6314817466048327e-10 2.9935007204432106e-10 1.884828436210334e-10 1.0322637786587752e-11 1.0322637786587752e-11 1.3196071572814702e-11 2.1068980929239734e-11 9.760002176329757e-11
3 1 2 4 : 1.4641098320339807e-11 1.4641098320339807e-11 1.0470486120205436e-11 6.077524272536035e-12 1.5863484440169767e-12 1.5863484440169767e-12 2.510545718631003e-12 5.622888736314102e-12 1.9329698117186115e-11
3 1 3 3 : 8.582914288005797e-12 8.582914288005797e-12 5.883842939815379e-12 3.401537890521827e-12 8.077245969873787e-13 8.077245969873787e-13 1.4697689309823018e-12 3.769457950165828e-12 1.1792555611129037e-11
3 1 4 2 : 1.0117705484864614e-11 1.0117705484864614e-11 7.056154679916025e-12 4.049701880040959e-12 9.713474311560373e-13 9.713474311560373e-13 1.8561776888146244e-12 4.962713296562607e-12 1.602186828800233e-11
3 1 5 1 : 4.523831436667516e-11 4.523831436667516e-11 3.0359885566623363e-11 1.6438214409545358e-11 2.850863128642409e-12 2.850863128642409e-12 5.260801822180269e-12 1.3554077709926674e-11 5.187551173176085e-11
3 1 6 0 : 5.109544750311288e-09 5.109544750311288e-09 3.616785007572293e-09 2.0836804569211138e-09 5.089660368284186e-10 5.089660368284186e-10 8.625819970582368e-10 1.538355002443398e-09 3.268527981978998e-09
3 2 0 5 : 8.687412249533536e-11 8.687412249533536e-11 9.734455343576456e-11 1.1048706201175943e-10 1.2685447806414625e-10 1.2685447806414625e-10 2.2262950911194019e-10 3.741945892929075e-10 4.5070286484771413e-10
3 2 1 4 : 1.4641098320339807e-11 1.4641098320339807e-11 1.0470486120205436e-11 6.077524272536035e-12 1.5863484440169767e-12 1.5863484440169767e-12 2.510545718631003e-12 5.622888736314102e-12 1.9329698117186115e-11
3 2 2 3 : 1.9439377328053267e-11 1.9439377328053267e-11 1.0634137329492232e-11 3.6373518150913487e-12 4.917844345439593e-13 4.917844345439593e-13 8.927721402899539e-13 2.358403178888478e-12 6.7204025283776064e-12
3 2 3 2 : 3.3658677553787742e-12 3.3658677553787742e-12 1.836769450418092e-12 8.477104872187264e-13 4.3683626711076345e-13 4.3683626711076345e-13 8.351015477771358e-13 2.296993987197728e-12 6.267893628312868e-12
3 2 4 1 : 9.833256872182786e-12 9.833256872182786e-12 7.287593918299656e-12 4.421101279158616e-12 1.0819109731900995e-12 1.0819109731900995e-12 1.9760964450827812e-12 5.087883174626571e-12 1.646753154983345e-11
3 2 5 0 : 1.3736744778890388e-10 1.3736744778890388e-10 1.3149139526455093e-10 1.3262643589035788e-10 1.4180909383267835e-10 1.4180909383267835e-10 2.5150240042225394e-10 4.507371645590605e-10 6.52661538599287e-10
3 3 0 4 : 5.937832846040931e-11 5.937832846040931e-11 6.510475040381301e-11 7.218621289851103e-11 8.070526288779641e-11 8.070526288779641e-11 1.4504694689665865e-10 2.579596242853998e-10 3.2551268809001224e-10
3 3 1 3 : 8.582914288005797e-12 8.582914288005797e-12 5.883842939815379e-12 3.401537890521827e-12 8.077245969873787e-13 8.077245969873787e-13 1.4697689309823018e-12 3.769457950165828e-12 1.1792555611129037e-11
3 3 2 2 : 3.3658677553787742e-12 3.3658677553787742e-12 1.836769450418092e-12 8.477104872187264e-13 4.3683626711076345e-13 4.3683626711076345e-13 8.351015477771358e-13 2.296993987197728e-12 6.267893628312868e-12
3 3 3 1 : 8.582914288005797e-12 8.582914288005797e-12 5.883842939815379e-12 3.401537890521827e-12 8.077245969873787e-13 8.077245969873787e-13 1.4697689309823018e-12 3.769457950165828e-12 1.1792555611129037e-11
3 3 4 0 : 5.937832846040931e-11 5.937832846040931e-11 6.510475040381301e-11 7.218621289851103e-11 8.070526288779641e-11 8.070526288779641e-11 1.4504694689665865e-10 2.579596242853998e-10 3.2551268809001224e-10
3 4 0 3 : 7.430090232310118e-11 7.430090232310118e-11 7.658639668530212e-11 8.133613255514754e-11 8.813425053842665e-11 8.813425053842665e-11 1.6071106638704506e-10 3.0461602734120016e-10 4.277126995348741e-10
3 4 1 2 : 1.0117705484864614e-11 1.0117705484864614e-11 7.056154679916025e-12 4.049701880040959e-12 9.713474311560373e-13 9.713474311560373e-13 1.8561776888146244e-12 4.962713296562607e-12 1.602186828800233e-11
3 4 2 1 : 9.833256872182786e-12 9.833256872182786e-12 7.287593918299656e-12 4.421101279158616e-12 1.0819109731900995e-12 1.0819109731900995e-12 1.9760964450827812e-12 5.087883174626571e-12 1.646753154983345e-11
3 4 3 0 : 5.937832846040931e-11 5.937832846040931e-11 6.510475040381301e-11 7.218621289851103e-11 8.070526288779641e-11 8.070526288779641e-11 1.4504694689665865e-10 2.579596242853998e-10 3.2551268809001224e-10
3 5 0 2 : 1.992079596482333e-10 1.992079596482333e-10 1.7666425200722404e-10 1.6638140911326634e-10 1.6904677865390498e-10 1.6904677865390498e-10 3.074751320625758e-10 6.197739985539776e-10 1.0637245201186605e-09
3 5 1 1 : 4.523831436667516e-11 4.523831436667516e-11 3.0359885566623363e-11 1.6438214409545358e-11 2.850863128642409e-12 2.850863128642409e-12 5.260801822180269e-12 1.3554077709926674e-11 5.187551173176085e-11
3 5 2 0 : 1.3736744778890388e-10 1.3736744778890388e-10 1.3149139526455093e-10 1.3262643589035788e-10 1.4180909383267835e-10 1.4180909383267835e-10 2.5150240042225394e-10 4.507371645590605e-10 6.52661538599287e-10
3 6 0 1 : 9.028372604759488e-09 9.028372604759488e-09 6.310732644369397e-09 3.5349190058849964e-09 6.853486756772624e-10 6.853486756772624e-10 1.185533441184446e-09 2.4449781589065128e-09 6.338068148234491e-09
3 6 1 0 : 5.109544750311288e-09 5.109544750311288e-09 3.616785007572293e-09 2.0836804569211138e-09 5.089660368284186e-10 5.089660368284186e-10 8.625819970582368e-10 1.538355002443398e-09 3.268527981978998e-09
3 7 0 0 : 4.261732630679808e-06 4.261732630679808e-06 4.278717825954396e-06 4.302119805545292e-06 4.329139269248958e-06 4.329139269248958e-06 5.392937194329649e-06 6.705584801352585e-06 7.630441023309855e-06
4 0 0 6 : 1.1915664758266112e-08 1.1915664758266112e-08 1.4985666013003582e-08 1.89001609920164e-08 2.3901096127025833e-08 2.3901096127025833e-08 2.702959884679149e-08 2.7303676744817776e-08 2.210287308530289e-08
4 0 1 5 : 1.9748853671146346e-10 1.9748853671146346e-10 2.1041540499843915e-10 2.2494314888048636e-10 2.41922304019415e-10 2.41922304019415e-10 4.116112940552797e-10 6.49126561233277e-10 7.448531041999949e-10
4 0 2 4 : 6.661219608832666e-11 6.661219608832666e-11 7.534929046880988e-11 8.631963232822425e-11 1.0002015260383662e-10 1.0002015260383662e-10 1.7601088308336806e-10 2.937179813470066e-10 3.3811940901969453e-10
4 0 3 3 : 5.937832846040931e-11 5.937832846040931e-11 6.510475040381301e-11 7.218621289851103e-11 8.070526288779641e-11 8.070526288779641e-11 1.4504694689665865e-10 2.579596242853998e-10 3.2551268809001224e-10
4 0 4 2 : 1.3016834023949368e-10 1.3016834023949368e-10 1.2024357514288254e-10 1.1733405801289135e-10 1.2233571270808369e-10 1.2233571270808369e-10 2.2054888984224962e-10 4.1785974150199236e-10 6.42642956711829e-10
4 0 5 1 : 5.025598128270581e-09 5.025598128270581e-09 3.5291647202906148e-09 1.9900800428502286e-09 4.0666098977537216e-10 4.0666098977537216e-10 7.015889527788701e-10 1.368231355080691e-09 3.19067147145643e-09
4 0 6 0 : 2.3639090025135e-06 2.3639090025135e-06 2.3790898834946952e-06 2.3945809064362854e-06 2.4103308978415177e-06 2.4103308978415177e-06 2.986273800239386e-06 3.5870117105716774e-06 3.8192545862630285e-06
4 1 0 5 : 1.9748853671146346e-10 1.9748853671146346e-10 2.1041540499843915e-10 2.2494314888048636e-10 2.41922304019415e-10 2.41922304019415e-10 4.116112940552797e-10 6.49126561233277e-10 7.448531041999949e-10
4 1 1 4 : 2.9354919686800897e-10 2.9354919686800897e-10 2.4404415010371407e-10 1.5500024336586666e-10 8.444597706112944e-12 8.444597706112944e-12 1.0739847456472225e-11 1.6920523362176827e-11 7.773712586101245e-11
4 1 2 3 : 1.4641098320339807e-11 1.4641098320339807e-11 1.0470486120205436e-11 6.077524272536035e-12 1.5863484440169767e-12 1.5863484440169767e-12 2.510545718631003e-12 5.622888736314102e-12 1.9329698117186115e-11
4 1 3 2 : 9.833256872182786e-12 9.833256872182786e-12 7.287593918299656e-12 4.421101279158616e-12 1.0819109731900995e-12 1.0819109731900995e-12 1.9760964450827812e-12 5.087883174626571e-12 1.646753154983345e-11
4 1 4 1 : 3.6116613131609486e-11 3.6116613131609486e-11 2.4217681662418035e-11 1.3033400555288918e-11 2.1083076991424167e-12 2.1083076991424167e-12 4.023109521600554e-12 1.0573939210294437e-11 3.968427900402129e-11
4 1 5 0 : 4.182600353378214e-09 4.182600353378214e-09 2.9466896646561654e-09 1.6759971107236535e-09 3.693972240513239e-10 3.693972240513239e-10 6.323745797331059e-10 1.1734107451210472e-09 2.576818953534751e-09
4 2 0 4 : 6.661219608832666e-11 6.661219608832666e-11 7.534929046880988e-11 8.631963232822425e-11 1.0002015260383662e-10 1.0002015260383662e-10 1.7601088308336806e-10 2.937179813470066e-10 3.3811940901969453e-10
4 2 1 3 : 1.4641098320339807e-11 1.4641098320339807e-11 1.0470486120205436e-11 6.077524272536035e-12 1.5863484440169767e-12 1.5863484440169767e-12 2.510545718631003e-12 5.622888736314102e-12 1.9329698117186115e-11
4 2 2 2 : 2.3011353721137766e-11 2.3011353721137766e-11 1.281333519636274e-11 4.493020240088664e-12 6.612208753025691e-13 6.612208753025691e-13 1.2059141276381005e-12 3.19188241873513e-12 9.395499188611501e-12
4 2 3 1 : 1.0117705484864614e-11 1.0117705484864614e-11 7.056154679916025e-12 4.049701880040959e-12 9.713474311560373e-13 9.713474311560373e-13 1.8561776888146244e-12 4.962713296562607e-12 1.602186828800233e-11
4 2 4 0 : 1.3016834023949368e-10 1.3016834023949368e-10 1.2024357514288254e-10 1.1733405801289135e-10 1.2233571270808369e-10 1.2233571270808369e-10 2.2054888984224962e-10 4.1785974150199236e-10 6.42642956711829e-10
4 3 0 3 : 5.937832846040931e-11 5.937832846040931e-11 6.510475040381301e-11 7.218621289851103e-11 8.070526288779641e-11 8.070526288779641e-11 1.4504694689665865e-10 2.579596242853998e-10 3.2551268809001224e-10
4 3 1 2 : 9.833256872182786e-12 9.833256872182786e-12 7.287593918299656e-12 4.421101279158616e-12 1.0819109731900995e-12 1.0819109731900995e-12 1.9760964450827812e-12 5.087883174626571e-12 1.646753154983345e-11
4 3 2 1 : 1.0117705484864614e-11 1.0117705484864614e-11 7.056154679916025e-12 4.049701880040959e-12 9.713474311560373e-13 9.713474311560373e-13 1.8561776888146244e-12 4.962713296562607e-12 1.602186828800233e-11
4 3 3 0 : 7.430090232310118e-11 7.430090232310118e-11 7.658639668530212e-11 8.133613255514754e-11 8.813425053842665e-11 8.813425053842665e-11 1.6071106638704506e-10 3.0461602734120016e-10 4.277126995348741e-10
4 4 0 2 : 1.3016834023949368e-10 1.3016834023949368e-10 1.2024357514288254e-10 1.1733405801289135e-10 1.2233571270808369e-10 1.2233571270808369e-10 2.2054888984224962e-10 4.1785974150199236e-10 6.42642956711829e-10
4 4 1 1 : 3.6116613131609486e-11 3.6116613131609486e-11 2.4217681662418035e-11 1.3033400555288918e-11 2.1083076991424167e-12 2.1083076991424167e-12 4.023109521600554e-12 1.0573939210294437e-11 3.968427900402129e-11
4 4 2 0 : 1.3016834023949368e-10 1.3016834023949368e-10 1.2024357514288254e-10 1.1733405801289135e-10 1.2233571270808369e-10 1.2233571270808369e-10 2.2054888984224962e-10 4.1785974150199236e-10 6.42642956711829e-10
4 5 0 1 : 5.025598128270581e-09 5.025598128270581e-09 3.5291647202906148e-09 1.9900800428502286e-09 4.0666098977537216e-10 4.0666098977537216e-10 7.015889527788701e-10 1.368231355080691e-09 3.19067147145643e-09
4 5 1 0 : 4.182600353378214e-09 4.182600353378214e-09 2.9466896646561654e-09 1.6759971107236535e-09 3.693972240513239e-10 3.693972240513239e-10 6.323745797331059e-10 1.1734107451210472e-09 2.576818953534751e-09
4 6 0 0 : 2.3639090025135e-06 2.3639090025135e-06 2.3790898834946952e-06 2.3945809064362854e-06 2.4103308978415177e-06 2.4103308978415177e-06 2.986273800239386e-06 3.5870117105716774e-06 3.8192545862630285e-06
5 0 0 5 : 9.63518370856717e-09 9.63518370856717e-09 1.2225585638150862e-08 1.5558688205567134e-08 1.9856603244079022e-08 1.9856603244079022e-08 2.2405314312367446e-08 2.2430389005601304e-08 1.78329791090559e-08
5 0 1 4 : 1.9748853671146346e-10 1.9748853671146346e-10 2.1041540499843915e-10 2.2494314888048636e-10 2.41922304019415e-10 2.41922304019415e-10 4.116112940552797e-10 6.49126561233277e-10 7.448531041999949e-10
5 0 2 3 : 8.687412249533536e-11 8.687412249533536e-11 9.734455343576456e-11 1.1048706201175943e-10 1.2685447806414625e-10 1.2685447806414625e-10 2.2262950911194019e-10 3.741945892929075e-10 4.5070286484771413e-10
5 0 3 2 : 1.3736744778890388e-10 1.3736744778890388e-10 1.3149139526455093e-10 1.3262643589035788e-10 1.4180909383267835e-10 1.4180909383267835e-10 2.5150240042225394e-10 4.507371645590605e-10 6.52661538599287e-10
5 0 4 1 : 4.182600353378214e-09 4.182600353378214e-09 2.9466896646561654e-09 1.6759971107236535e-09 3.693972240513239e-10 3.693972240513239e-10 6.323745797331059e-10 1.1734107451210472e-09 2.576818953534751e-09
5 0 5 0 : 1.954720336338052e-06 1.954720336338052e-06 1.967434496834073e-06 1.980340254058798e-06 1.9934397865706096e-06 1.9934397865706096e-06 2.464525987497285e-06 2.9248347608875684e-06 3.056352264699511e-06
5 1 0 4 : 1.9748853671146346e-10 1.9748853671146346e-10 2.1041540499843915e-10 2.2494314888048636e-10 2.41922304019415e-10 2.41922304019415e-10 4.116112940552797e-10 6.49126561233277e-10 7.448531041999949e-10
5 1 1 3 : 3.6314817466048327e-10 3.6314817466048327e-10 2.9935007204432106e-10 1.884828436210334e-10 1.0322637786587752e-11 1.0322637786587752e-11 1.3196071572814702e-11 2.1068980929239734e-11 9.760002176329757e-11
5 1 2 2 : 2.45393538199639e-11 2.45393538199639e-11 1.7200388021045407e-11 9.775233793674337e-12 2.5923500019645567e-12 2.5923500019645567e-12 4.154229272490415e-12 9.483627514997752e-12 3.390118070582612e-11
5 1 3 1 : 4.523831436667516e-11 4.523831436667516e-11 3.0359885566623363e-11 1.6438214409545358e-11 2.850863128642409e-12 2.850863128642409e-12 5.260801822180269e-12 1.3554077709926674e-11 5.187551173176085e-11
5 1 4 0 : 5.025598128270581e-09 5.025598128270581e-09 3.5291647202906148e-09 1.9900800428502286e-09 4.0666098977537216e-10 4.0666098977537216e-10 7.015889527788701e-10 1.368231355080691e-09 3.19067147145643e-09
5 2 0 3 : 8.687412249533536e-11 8.687412249533536e-11 9.734455343576456e-11 1.1048706201175943e-10 1.2685447806414625e-10 1.2685447806414625e-10 2.2262950911194019e-10 3.741945892929075e-10 4.5070286484771413e-10
5 2 1 2 : 2.45393538199639e-11 2.45393538199639e-11 1.7200388021045407e-11 9.775233793674337e-12 2.5923500019645567e-12 2.5923500019645567e-12 4.154229272490415e-12 9.483627514997752e-12 3.390118070582612e-11
5 2 2 1 : 5.329767640957428e-11 5.329767640957428e-11 3.094892195531641e-11 1.2410862376362297e-11 1.7707677879719438e-12 1.7707677879719438e-12 3.271312564196129e-12 8.598079121286539e-12 3.0036934606602577e-11
5 2 3 0 : 1.992079596482333e-10 1.992079596482333e-10 1.7666425200722404e-10 1.6638140911326634e-10 1.6904677865390498e-10 1.6904677865390498e-10 3.074751320625758e-10 6.197739985539776e-10 1.0637245201186605e-09
5 3 0 2 : 1.3736744778890388e-10 1.3736744778890388e-10 1.3149139526455093e-10 1.3262643589035788e-10 1.4180909383267835e-10 1.4180909383267835e-10 2.5150240042225394e-10 4.507371645590605e-10 6.52661538599287e-10
5 3 1 1 : 4.523831436667516e-11 4.523831436667516e-11 3.0359885566623363e-11 1.6438214409545358e-11 2.850863128642409e-12 2.850863128642409e-12 5.260801822180269e-12 1.3554077709926674e-11 5.187551173176085e-11
5 3 2 0 : 1.992079596482333e-10 1.992079596482333e-10 1.7666425200722404e-10 1.6638140911326634e-10 1.6904677865390498e-10 1.6904677865390498e-10 3.074751320625758e-10 6.197739985539776e-10 1.0637245201186605e-09
5 4 0 1 : 4.182600353378214e-09 4.182600353378214e-09 2.9466896646561654e-09 1.6759971107236535e-09 3.693972240513239e-10 3.693972240513239e-10 6.323745797331059e-10 1.1734107451210472e-09 2.576818953534751e-09
5 4 1 0 : 5.025598128270581e-09 5.025598128270581e-09 3.5291647202906148e-09 1.9900800428502286e-09 4.0666098977537216e-10 4.0666098977537216e-10 7.015889527788701e-10 1.368231355080691e-09 3.19067147145643e-09
5 5 0 0 : 1.954720336338052e-06 1.954720336338052e-06 1.967434496834073e-06 1.980340254058798e-06 1.9934397865706096e-06 1.9934397865706096e-06 2.464525987497285e-06 2.9248347608875684e-06 3.056352264699511e-06
6 0 0 4 : 1.1915664758266155e-08 1.1915664758266155e-08 1.4985666013003526e-08 1.8900160992016333e-08 2.3901096127025747e-08 2.3901096127025747e-08 2.7029598846791393e-08 2.730367674481768e-08 2.2102873085302814e-08
6 0 1 3 : 3.1657415756489737e-10 3.1657415756489737e-10 3.320607216628861e-10 3.494707723664147e-10 3.6971209706614966e-10 3.6971209706614966e-10 6.279951552307618e-10 1.0068601175307454e-09 1.2321197141923077e-09
6 0 2 2 : 2.374133223285762e-10 2.374133223285762e-10 2.3518452762907385e-10 2.4462952971638824e-10 2.678449438312317e-10 2.678449438312317e-10 4.6492441296702343e-10 7.959938772660493e-10 1.124959160231532e-09
6 0 3 1 : 5.109544750311288e-09 5.109544750311288e-09 3.616785007572293e-09 2.0836804569211138e-09 5.089660368284186e-10 5.089660368284186e-10 8.625819970582368e-10 1.538355002443398e-09 3.268527981978998e-09
6 0 4 0 : 2.3639090025134957e-06 2.3639090025134957e-06 2.379089883494691e-06 2.394580906436281e-06 2.4103308978415135e-06 2.4103308978415135e-06 2.986273800239386e-06 3.5870117105716774e-06 3.8192545862630285e-06
6 1 0 3 : 3.1657415756489737e-10 3.1657415756489737e-10 3.320607216628861e-10 3.494707723664147e-10 3.6971209706614966e-10 3.6971209706614966e-10 6.279951552307618e-10 1.0068601175307454e-09 1.2321197141923077e-09
6 1 1 2 : 6.995672186634491e-10 6.995672186634491e-10 5.61075201410422e-10 3.438471422773334e-10 1.9262526936671432e-11 1.9262526936671432e-11 2.5045668225403367e-11 4.169198231343145e-11 1.990741304921903e-10
6 1 2 1 : 1.0813183348538048e-10 1.0813183348538048e-10 7.05438738152396e-11 3.7025119510575333e-11 7.683535921289715e-12 7.683535921289715e-12 1.2675875976141689e-11 2.989963185494027e-11 1.2398494673476054e-10
6 1 3 0 : 9.028372604759488e-09 9.028372604759488e-09 6.310732644369397e-09 3.5349190058849964e-09 6.853486756772624e-10 6.853486756772624e-10 1.185533441184446e-09 2.4449781589065128e-09 6.338068148234491e-09
6 2 0 2 : 2.374133223285762e-10 2.374133223285762e-10 2.3518452762907385e-10 2.4462952971638824e-10 2.678449438312317e-10 2.678449438312317e-10 4.6492441296702343e-10 7.959938772660493e-10 1.124959160231532e-09
6 2 1 1 : 1.0813183348538048e-10 1.0813183348538048e-10 7.05438738152396e-11 3.7025119510575333e-11 7.683535921289715e-12 7.683535921289715e-12 1.2675875976141689e-11 2.989963185494027e-11 1.2398494673476054e-10
6 2 2 0 : 7.493295383689426e-10 7.493295383689426e-10 5.490008136742339e-10 4.281366446673803e-10 3.933795956939238e-10 3.933795956939238e-10 7.103818137726362e-10 1.5175885138508466e-09 3.1790314603275534e-09
6 3 0 1 : 5.109544750311288e-09 5.109544750311288e-09 3.616785007572293e-09 2.0836804569211138e-09 5.089660368284186e-10 5.089660368284186e-10 8.625819970582368e-10 1.538355002443398e-09 3.268527981978998e-09
6 3 1 0 : 9.028372604759488e-09 9.028372604759488e-09 6.310732644369397e-09 3.5349190058849964e-09 6.853486756772624e-10 6.853486756772624e-10 1.185533441184446e-09 2.4449781589065128e-09 6.338068148234491e-09
6 4 0 0 : 2.3639090025134957e-06 2.3639090025134957e-06 2.379089883494691e-06 2.394580906436281e-06 2.4103308978415135e-06 2.4103308978415135e-06 2.986273800239386e-06 3.5870117105716774e-06 3.8192545862630285e-06
7 0 0 3 : 2.2839812094933515e-08 2.2839812094933515e-08 2.7962273769986344e-08 3.4323313466500735e-08 4.222787792852913e-08 4.222787792852913e-08 4.80764870036796e-08 4.9873516332291004e-08 4.281277509524301e-08
7 0 1 2 : 9.410837536372269e-10 9.410837536372269e-10 9.079186501641308e-10 8.951159385365038e-10 9.057142844353308e-10 9.057142844353308e-10 1.528888123935852e-09 2.5250681446585706e-09 3.635290129180826e-09
7 0 2 1 : 9.363700777040025e-09 9.363700777040025e-09 6.6678667644601886e-09 3.91619820689166e-09 1.100891208013796e-09 1.100891208013796e-09 1.8436100158900711e-09 3.1958568031893565e-09 6.703704758721427e-09
7 0 3 0 : 4.261732630679808e-06 4.261732630679808e-06 4.278717825954396e-06 4.302119805545292e-06 4.329139269248958e-06 4.329139269248958e-06 5.392937194329649e-06 6.705584801352585e-06 7.630441023309855e-06
7 1 0 2 : 9.410837536372269e-10 9.410837536372269e-10 9.079186501641308e-10 8.951159385365038e-10 9.057142844353308e-10 9.057142844353308e-10 1.528888123935852e-09 2.5250681446585706e-09 3.635290129180826e-09
7 1 1 1 : 2.374421761899712e-09 2.374421761899712e-09 1.7760861341965453e-09 1.0233963081543252e-09 5.991456745107536e-11 5.991456745107536e-11 8.079186256127551e-11 1.452908257070248e-10 7.627834090812991e-10
7 1 2 0 : 3.011730570972769e-08 3.011730570972769e-08 1.9353292824223847e-08 1.0202827056112657e-08 1.884943283856472e-09 1.884943283856472e-09 3.2262830256192463e-09 7.007416686009048e-09 2.2055907270387597e-08
7 2 0 1 : 9.363700777040025e-09 9.363700777040025e-09 6.6678667644601886e-09 3.91619820689166e-09 1.100891208013796e-09 1.100891208013796e-09 1.8436100158900711e-09 3.1958568031893565e-09 6.703704758721427e-09
7 2 1 0 : 3.011730570972769e-08 3.011730570972769e-08 1.9353292824223847e-08 1.0202827056112657e-08 1.884943283856472e-09 1.884943283856472e-09 3.2262830256192463e-09 7.007416686009048e-09 2.2055907270387597e-08
7 3 0 0 : 4.261732630679808e-06 4.261732630679808e-06 4.278717825954396e-06 4.302119805545292e-06 4.329139269248958e-06 4.329139269248958e-06 5.392937194329649e-06 6.705584801352585e-06 7.630441023309855e-06
8 0 0 2 : 7.302637622149506e-08 7.302637622149506e-08 8.387041563414839e-08 9.765968206389514e-08 1.145935648328022e-07 1.145935648328022e-07 1.3191828901286383e-07 1.4292223781890867e-07 1.381106445659162e-07
8 0 1 1 : 3.125188210488582e-08 3.125188210488582e-08 2.14003832328224e-08 1.254425189071354e-08 4.140581743592459e-09 4.140581743592459e-09 6.8254457896141e-09 1.1613300229789587e-08 2.4667311509619654e-08
8 0 2 0 : 1.4075216785751805e-05 1.4075216785751805e-05 1.304070018075111e-05 1.2421433875010393e-05 1.2253164276520165e-05 1.2253164276520165e-05 1.5338283888836336e-05 2.006651473378405e-05 2.6643471463519018e-05
8 1 0 1 : 3.125188210488582e-08 3.125188210488582e-08 2.14003832328224e-08 1.254425189071354e-08 4.140581743592459e-09 4.140581743592459e-09 6.8254457896141e-09 1.1613300229789587e-08 2.4667311509619654e-08
8 1 1 0 : 1.1665526373506712e-06 1.1665526373506712e-06 5.960552441412599e-07 2.0532536305845074e-07 1.0448746583117067e-08 1.0448746583117067e-08 1.6973108714249737e-08 3.720579596460048e-08 1.7520380520105753e-07
8 2 0 0 : 1.4075216785751805e-05 1.4075216785751805e-05 1.304070018075111e-05 1.2421433875010393e-05 1.2253164276520165e-05 1.2253164276520165e-05 1.5338283888836336e-05 2.006651473378405e-05 2.6643471463519018e-05
9 0 0 1 : 1.5609279559169384e-06 1.5609279559169384e-06 1.022950052409818e-06 6.751583632947074e-07 5.32151935379311e-07 5.32151935379311e-07 6.221589491253883e-07 7.152936511119448e-07 8.906102422947078e-07
9 0 1 0 : 0.0005227231283517739 0.0005227231283517739 0.00037647032062754687 0.00022399333633623544 6.502629315324405e-05 6.502629315324405e-05 8.045258960208213e-05 0.0001100748239718653 0.00021182981640797702
9 1 0 0 : 0.0005227231283517739 0.0005227231283517739 0.00037647032062754687 0.00022399333633623544 6.502629315324405e-05 6.502629315324405e-05 8.045258960208213e-05 0.0001100748239718653 0.00021182981640797702
10 0 0 0 : 0.23554193549700506 0.23554193549700506 0.23862939251464207 0.24178287977086263 0.2450043137258512 0.2450043137258512 0.24378753950568413 0.24206067564613318 0.23902134128507233
$
